4 5
4199120 4199120 0 0
3
7 19 1
14 1 1
15 7 1
18 22
1 1 1 1 1 1 1 1 1 1 1 1 1 1 1 1 1 1 1 1 1 1 
1 0 0 0 0 0 0 0 0 0 0 0 0 0 0 0 0 0 0 0 0 1 
1 0 1 0 1 0 1 2 1 0 1 0 1 0 2 1 0 0 1 2 0 1 
1 0 0 0 0 0 0 2 0 0 0 0 0 0 0 0 2 0 2 1 0 1 
1 0 1 0 1 0 1 0 1 2 1 0 1 0 0 0 0 1 0 0 0 1 
1 0 0 0 0 2 0 2 0 0 0 0 2 1 0 1 0 1 0 1 0 1 
1 0 1 0 1 2 1 0 1 2 1 0 1 0 2 0 0 1 2 1 0 1 
1 0 0 0 0 0 0 0 0 0 0 0 0 0 0 0 0 0 0 4 0 1 
1 0 1 0 1 0 1 0 1 0 1 0 1 0 1 0 1 0 1 0 0 1 
1 0 2 2 0 1 0 1 2 0 1 2 2 1 0 1 1 2 2 2 0 1 
1 0 0 0 0 0 0 2 0 0 0 0 0 0 0 0 2 0 2 1 0 1 
1 0 1 0 1 0 1 2 1 0 1 0 1 0 2 1 0 0 1 2 0 1 
1 0 0 0 0 0 0 0 0 0 0 0 0 0 0 0 0 0 0 0 0 1 
1 0 1 1 2 2 2 0 1 0 0 0 1 2 2 1 1 0 0 0 0 1 
1 4 0 0 2 2 2 0 0 0 1 0 2 2 0 1 2 0 2 0 0 1 
1 0 1 0 1 2 1 4 1 2 1 0 1 0 2 0 0 1 2 1 0 1 
1 0 0 0 0 0 0 0 0 0 0 0 0 0 0 0 0 0 0 0 0 1 
1 1 1 1 1 1 1 1 1 1 1 1 1 1 1 1 1 1 1 1 1 1 
